120220525
20001041988687433457202207042021070400016694
20010000187687433458202210012021070400019332
20001578654387433459202205072021110100013774
20011001888787433460202205072021100100015422
20002000176787433461202207042021050700027558
20002000176787433462202207042021050700022979
20010000187687433463202211012021070400012996
20001041988687433464202201172021080700016390
20001578654387433465202205072021110100019490
20010000187687433466202201172021100100002089
20001041988687433467202211012021080700022062
20011001888787433468202204272021110100007429
20011001888787433469202204272021110100002379
20011001888787433470202208072021050700024486
20010000187687433471202204272021100100017486
20002000176787433472202210012021110100007117
20001578654387433473202207042021070400026883
20002000176787433474202204272021021800019564
20010000187687433475202208072021110100002214
20001041988687433476202207042021040700012333
20010000187687433477202205072021093000024682
20001041988687433478202205072021100100011756
20001041988687433479202204272021042700009717
20001041988687433480202205072021040700002360
20002000176787433481202209302021100100009185
20002000176787433482202210012021021800026326
20010000187687433483202208072021050700009788
20010000187687433484202204072021042700008510
20001041988687433485202204072021011700014089
20002000176787433486202201172021040700027931
20002000176787433487202207042021011700010942
20010000187687433488202208072021040700019919
20001041988687433489202211012021070400031940
20010000187687433490202210012021042700023022
20010000187687433491202211012021100100031738
20001578654387433492202207042021021800020414
20010000187687433493202204072021093000018227
20001041988687433494202207042021042700031165
20011001888787433495202204072021040700006579
20001578654387433496202208072021093000025371
20001578654387433497202210012021080700026549
20001578654387433498202202182021050700023612
20001041988687433499202210012021080700019176
20001578654387433500202202182021070400020279
20002000176787433501202208072021021800016109
20002000176787433502202211012021021800025689
20010000187687433503202205072021070400011739
20002000176787433504202210012021011700030371
20010000187687433505202205072021100100019643
20011001888787433506202211012021042700022600
20001041988687433507202204072021021800018445
20011001888787433508202201172021093000026416
20001578654387433509202205072021093000016449
20001578654387433510202209302021080700029048
20001041988687433511202205072021050700005694
20011001888787433512202204072021050700027119
20001578654387433513202209302021050700002015
20010000187687433514202209302021042700027803
20011001888787433515202209302021050700007281
20011001888787433516202201172021021800004914
20001578654387433517202204272021011700024886
20010000187687433518202207042021042700006561
20010000187687433519202208072021110100030181
20001041988687433520202202182021050700021128
20001578654387433521202202182021040700026920
20011001888787433522202201172021050700027580
20002000176787433523202209302021050700025884
20011001888787433524202204272021080700000708
20011001888787433525202207042021011700011220
20002000176787433526202209302021040700002396
20011001888787433527202201172021021800025559
20002000176787433528202201172021042700031221
20001041988687433529202211012021050700013470
20002000176787433530202211012021042700023603
20002000176787433531202204072021100100013079
20011001888787433532202209302021021800006510
20010000187687433533202202182021050700007716
20001578654387433534202204072021040700008497
20011001888787433535202209302021093000027420
20010000187687433536202211012021070400023998
20010000187687433537202205072021080700008777
20011001888787433538202211012021093000030857
20011001888787433539202208072021042700002921
20010000187687433540202207042021040700028344
20010000187687433541202205072021110100010797
20010000187687433542202207042021080700030121
20011001888787433543202207042021011700002749
20001041988687433544202202182021021800012140
20010000187687433545202211012021011700024114
20010000187687433546202209302021040700012101
20001578654387433547202202182021100100026394
20001041988687433548202211012021080700020011
20010000187687433549202209302021050700013816
20010000187687433550202201172021042700020299
20011001888787433551202202182021110100013761
20001041988687433552202209302021100100021638
20010000187687433553202204272021080700002144
20002000176787433554202208072021040700008943
20010000187687433555202201172021042700013107
20001041988687433556202209302021070400014158
20001041988687433557202211012021050700007051
20010000187687433558202210012021021800010912
20011001888787433559202210012021110100021296
20002000176787433560202209302021080700026260
20002000176787433561202204272021042700013531
20001041988687433562202211012021021800010767
20002000176787433563202210012021070400020666
20002000176787433564202209302021093000023977
20010000187687433565202201172021093000010480
20010000187687433566202208072021080700014383
20002000176787433567202202182021040700015891
20001578654387433568202201172021080700013087
20011001888787433569202208072021040700027564
20011001888787433570202208072021093000020270
20010000187687433571202204072021070400005306
20001041988687433572202210012021021800010437
20002000176787433573202204072021070400008239
20010000187687433574202207042021042700023680
20011001888787433575202207042021021800017777
20001041988687433576202210012021080700015278
20001041988687433577202204072021070400010458
20002000176787433578202205072021021800020691
20011001888787433579202204272021011700018488
20011001888787433580202210012021093000013353
20010000187687433581202201172021093000014158
20002000176787433582202202182021110100012315
20010000187687433583202207042021050700011346
20001578654387433584202208072021110100013769
20011001888787433585202204072021021800023661
20001578654387433586202204072021050700008583
20002000176787433587202210012021042700010302
20011001888787433588202205072021040700020317
20002000176787433589202201172021021800006231
20010000187687433590202205072021042700032649
20002000176787433591202204072021100100010686
20001578654387433592202205072021040700002808
20011001888787433593202204272021011700027246
20001041988687433594202204272021042700026577
20001041988687433595202204272021100100026067
20011001888787433596202204072021021800032234
20001578654387433597202211012021021800024913
20010000187687433598202208072021080700019281
20011001888787433599202211012021021800026814
20001578654387433600202207042021040700022724
20001578654387433601202201172021070400010980
20001041988687433602202204272021050700032313
20010000187687433603202202182021011700009728
20002000176787433604202204272021070400030551
20001578654387433605202201172021042700009285
20010000187687433606202204072021110100018427
20010000187687433607202207042021080700002137
20011001888787433608202209302021050700028852
20001578654387433609202208072021100100027095
20010000187687433610202204272021100100029511
20001578654387433611202208072021042700000460
20001578654387433612202201172021080700010028
20001578654387433613202202182021050700026426
20010000187687433614202209302021110100024079
20011001888787433615202207042021011700007064
20001041988687433616202205072021042700022609
20010000187687433617202204072021093000026447
20010000187687433618202204272021011700002436
20002000176787433619202201172021093000001599
20001041988687433620202204272021011700011506
20001041988687433621202209302021021800009272
20010000187687433622202201172021011700010774
20001578654387433623202205072021042700010625
20011001888787433624202209302021110100018721
20002000176787433625202207042021021800022357
20011001888787433626202209302021110100014199
20001578654387433627202201172021110100013409
20002000176787433628202210012021093000023600
20002000176787433629202201172021040700018760
20001041988687433630202202182021042700031896
20001578654387433631202208072021042700011551
20001578654387433632202204272021080700012462
20001578654387433633202204072021100100025072
20011001888787433634202209302021100100010153
20011001888787433635202209302021021800000315
20001041988687433636202209302021110100015470
20010000187687433637202207042021110100014448
20001041988687433638202202182021042700023067
20001041988687433639202211012021021800005495
20010000187687433640202205072021110100012416
20001578654387433641202207042021110100009001
20002000176787433642202207042021040700014496
20001041988687433643202210012021040700021972
20002000176787433644202205072021050700002357
20002000176787433645202201172021100100018362
20001041988687433646202207042021110100031529
20001578654387433647202204272021070400017811
20011001888787433648202205072021040700007709
20010000187687433649202204272021021800011015
20001578654387433650202201172021093000031974
20001578654387433651202202182021021800003892
20011001888787433652202204072021011700012811
20011001888787433653202204072021042700016686
20002000176787433654202211012021100100019529
20010000187687433655202202182021093000005242
20001041988687433656202210012021042700000783
20011001888787433657202201172021110100032146
20011001888787433658202204072021093000015107
20001578654387433659202207042021050700032356
20002000176787433660202211012021040700023163
20002000176787433661202201172021050700025299
20011001888787433662202211012021110100028164
20002000176787433663202211012021110100019764
20010000187687433664202210012021040700007390
20001578654387433665202211012021080700004818
20011001888787433666202207042021040700028029
20001578654387433667202205072021080700026731
20001578654387433668202211012021050700023050
20011001888787433669202210012021050700024241
20010000187687433670202201172021042700013536
20011001888787433671202204272021042700011978
20002000176787433672202205072021110100023824
20002000176787433673202209302021042700022224
20002000176787433674202208072021080700017118
20001041988687433675202207042021011700001617
20010000187687433676202209302021070400015426
20011001888787433677202204072021011700023248
20001041988687433678202208072021021800010599
20002000176787433679202205072021042700027715
20002000176787433680202207042021110100026927
20011001888787433681202204072021050700010643
20001578654387433682202209302021100100007597
20010000187687433683202204072021093000001311
20010000187687433684202210012021040700016554
20011001888787433685202204272021110100028985
20011001888787433686202211012021050700002081
20001578654387433687202211012021093000011431
20001578654387433688202204072021042700006851
20001041988687433689202207042021011700024355
20001041988687433690202205072021050700005235
20001578654387433691202209302021070400001500
20002000176787433692202202182021100100023242
20002000176787433693202205072021080700012275
20010000187687433694202205072021100100016789
20002000176787433695202209302021040700002814
20010000187687433696202209302021093000032594
20002000176787433697202210012021100100016265
20010000187687433698202205072021042700029111
20002000176787433699202209302021011700007568
20010000187687433700202208072021110100012843
20001578654387433701202204072021050700006406
20002000176787433702202205072021093000031307
20011001888787433703202204072021080700005713
20001041988687433704202202182021080700022630
20001041988687433705202208072021110100001740
20001578654387433706202208072021100100013313
20010000187687433707202207042021050700021827
20001578654387433708202202182021040700008788
20002000176787433709202211012021011700008827
20002000176787433710202207042021070400002763
20002000176787433711202202182021100100020903
20001041988687433712202202182021011700007046
20001578654387433713202204072021070400025844
20010000187687433714202202182021050700003546
20002000176787433715202202182021011700010750
20010000187687433716202205072021100100015053
20001578654387433717202205072021093000013913
20002000176787433718202202182021050700032670
20002000176787433719202208072021040700013321
20011001888787433720202201172021080700029243
20010000187687433721202209302021100100032266
20002000176787433722202204272021040700026056
20002000176787433723202211012021110100003272
20010000187687433724202205072021040700016159
20010000187687433725202201172021042700012968
20011001888787433726202208072021011700006475
20001578654387433727202201172021040700010366
20011001888787433728202211012021080700014859
20002000176787433729202209302021011700027156
20001041988687433730202208072021093000022101
20001041988687433731202201172021093000025258
20001041988687433732202201172021080700009937
20001041988687433733202204072021042700026992
20010000187687433734202205072021011700019546
20011001888787433735202202182021070400003598
20001041988687433736202204272021070400001153
20010000187687433737202211012021040700013597
20001578654387433738202207042021050700011785
20001578654387433739202208072021110100001195
20010000187687433740202202182021093000007531
20001041988687433741202201172021093000008378
20001578654387433742202210012021040700016723
20002000176787433743202209302021093000014273
20011001888787433744202207042021080700005922
20001041988687433745202207042021093000024362
20001578654387433746202207042021080700028523
20001578654387433747202202182021042700016339
20001578654387433748202204272021021800000630
20002000176787433749202201172021070400004749
20011001888787433750202211012021021800021695
20010000187687433751202208072021011700027808
20001578654387433752202204072021070400027512
20010000187687433753202201172021110100023621
20002000176787433754202208072021040700020739
20010000187687433755202211012021042700021802
20001041988687433756202210012021093000027001
20002000176787433757202204072021042700027890
20011001888787433758202202182021021800005926
20001578654387433759202204072021070400026546
20001041988687433760202205072021080700012042
20011001888787433761202207042021110100005237
20002000176787433762202201172021093000015705
20001578654387433763202204272021080700031161
20011001888787433764202208072021100100006652
20010000187687433765202211012021093000020976
20001578654387433766202209302021100100019726
20002000176787433767202204072021093000022528
20011001888787433768202201172021011700017248
20010000187687433769202205072021093000025539
20001578654387433770202204072021050700021238
20002000176787433771202205072021042700022151
20001041988687433772202202182021011700003975
20010000187687433773202201172021100100022415
20001578654387433774202207042021021800028417
20010000187687433775202205072021021800024720
20002000176787433776202211012021070400015875
20001041988687433777202207042021050700006709
20011001888787433778202204272021070400025697
20010000187687433779202208072021070400002204
20002000176787433780202205072021042700031139
20001578654387433781202202182021011700002007
20002000176787433782202210012021110100010630
20001578654387433783202204272021042700006252
20002000176787433784202201172021011700026746
20010000187687433785202204272021011700031702
20002000176787433786202209302021093000030754
20001578654387433787202204272021042700008449
20011001888787433788202202182021080700015319
20011001888787433789202205072021093000024785
20001578654387433790202211012021110100023846
20001041988687433791202204072021110100002716
20001041988687433792202202182021080700016461
20001041988687433793202204072021040700016555
20002000176787433794202205072021040700018626
20001578654387433795202204072021110100009405
20011001888787433796202205072021080700028076
20001041988687433797202207042021021800021636
20001578654387433798202202182021080700007783
20010000187687433799202208072021080700013862
20010000187687433800202205072021080700030469
20010000187687433801202202182021042700005310
20010000187687433802202202182021021800017608
20001041988687433803202204072021100100003288
20011001888787433804202204272021021800023209
20011001888787433805202207042021080700018681
20001041988687433806202210012021040700013780
20010000187687433807202201172021110100003604
20011001888787433808202205072021040700029225
20011001888787433809202211012021050700006166
20001578654387433810202202182021080700003772
20001041988687433811202201172021080700018011
20002000176787433812202202182021080700000598
20011001888787433813202207042021080700006198
20001041988687433814202201172021110100008178
20002000176787433815202204272021110100031086
20010000187687433816202204272021100100019265
20010000187687433817202205072021042700024251
20011001888787433818202201172021080700032039
20010000187687433819202207042021070400012877
20001578654387433820202210012021093000006203
20011001888787433821202204272021100100004165
20002000176787433822202208072021050700003403
20010000187687433823202201172021070400021306
20011001888787433824202211012021093000020437
20011001888787433825202201172021100100028854
20010000187687433826202211012021110100006799
20002000176787433827202202182021093000009654
20002000176787433828202210012021093000000993
20010000187687433829202202182021040700029486
20002000176787433830202207042021040700025190
20010000187687433831202204272021042700027266
20001041988687433832202211012021040700000366
20001041988687433833202204072021100100018958
20002000176787433834202202182021050700009599
20001578654387433835202211012021100100027039
20010000187687433836202205072021110100024783
20002000176787433837202201172021050700030455
20002000176787433838202204072021070400014283
20010000187687433839202210012021050700000589
20011001888787433840202204272021050700005523
20011001888787433841202211012021100100023243
20011001888787433842202209302021070400004220
20010000187687433843202205072021080700015119
20002000176787433844202211012021093000032397
20001041988687433845202209302021042700017834
20001578654387433846202205072021021800023043
20001041988687433847202208072021042700020900
20001041988687433848202201172021011700030157
20010000187687433849202207042021110100001782
20001041988687433850202205072021093000000528
20001041988687433851202211012021021800019214
20001578654387433852202204272021050700024740
20001041988687433853202207042021042700032078
20002000176787433854202209302021093000018837
20011001888787433855202204072021021800000910
20001578654387433856202208072021050700016291
20002000176787433857202208072021100100009877
20001041988687433858202201172021110100021698
20001578654387433859202204272021021800016036
20001041988687433860202210012021021800016027
20001578654387433861202204072021011700012268
20010000187687433862202202182021110100015113
20011001888787433863202210012021021800014099
20002000176787433864202204072021110100017565
20001041988687433865202209302021080700001459
20001578654387433866202209302021070400005914
20010000187687433867202208072021080700011994
20011001888787433868202204272021093000001018
20002000176787433869202207042021110100025483
20010000187687433870202208072021040700005864
20010000187687433871202211012021080700032571
20010000187687433872202205072021100100002627
20001041988687433873202204072021011700025685
20011001888787433874202210012021080700002977
20001041988687433875202205072021011700010423
20001578654387433876202201172021050700020554
20001041988687433877202204072021100100004659
20001578654387433878202205072021011700031160
20001041988687433879202209302021070400025359
20011001888787433880202211012021050700018974
20010000187687433881202211012021093000030341
20001578654387433882202202182021050700010462
20001041988687433883202211012021080700011587
20011001888787433884202207042021093000030481
20011001888787433885202211012021021800010732
20001041988687433886202204072021110100013316
20001578654387433887202210012021042700023958
20010000187687433888202210012021080700029109
20010000187687433889202211012021110100025674
20011001888787433890202207042021110100006490
20011001888787433891202210012021021800012679
20011001888787433892202208072021110100032730
20001578654387433893202204072021080700003263
20002000176787433894202207042021110100019025
20011001888787433895202202182021110100024024
20002000176787433896202208072021042700008848
20002000176787433897202210012021050700018861
20001578654387433898202205072021093000015259
20002000176787433899202205072021093000007818
20001041988687433900202201172021011700009770
20011001888787433901202211012021050700004275
20010000187687433902202207042021021800029993
20002000176787433903202205072021021800018142
20011001888787433904202201172021042700012856
20011001888787433905202204272021100100014004
20001041988687433906202204072021070400008747
20001041988687433907202204072021050700020821
20010000187687433908202201172021093000022923
20010000187687433909202208072021021800032721
20001578654387433910202211012021011700008467
20011001888787433911202204072021011700028591
20001578654387433912202205072021110100010804
20010000187687433913202207042021011700012137
20001041988687433914202210012021070400005010
20011001888787433915202202182021040700006894
20002000176787433916202208072021080700015748
20001578654387433917202204272021050700006176
20001041988687433918202204072021040700028312
20011001888787433919202209302021042700009043
20010000187687433920202201172021100100018444
20010000187687433921202204072021042700011220
20001578654387433922202208072021011700002646
20002000176787433923202201172021021800016479
20001041988687433924202205072021021800010654
20001041988687433925202204272021100100002984
20001041988687433926202208072021040700012862
20001041988687433927202201172021021800008403
20001041988687433928202205072021040700032073
20001578654387433929202208072021050700006140
20011001888787433930202202182021040700013569
20001578654387433931202211012021110100031408
20001041988687433932202205072021042700010591
20002000176787433933202205072021021800000113
20011001888787433934202210012021040700029840
20001041988687433935202204272021110100006966
20002000176787433936202208072021070400028530
20001578654387433937202204272021042700021481
20010000187687433938202202182021042700030235
20001578654387433939202201172021110100030439
20002000176787433940202211012021042700031825
20010000187687433941202205072021042700004228
20001041988687433942202204072021093000029203
20001578654387433943202202182021080700014724
20001041988687433944202202182021021800030735
20001578654387433945202211012021040700013219
20001041988687433946202204072021042700025642
20002000176787433947202204072021011700022030
20002000176787433948202201172021093000005628
20011001888787433949202209302021040700018920
20010000187687433950202201172021011700006993
20002000176787433951202211012021070400005830
20002000176787433952202205072021100100009385
20001578654387433953202205072021093000032563
20001041988687433954202204072021100100018872
20002000176787433955202204272021021800011564
20011001888787433956202204272021040700007655
20001041988687433957202208072021050700011941
20011001888787433958202208072021100100005329
20001041988687433959202209302021080700016899
20001578654387433960202207042021100100014023
20010000187687433961202208072021042700029344
20010000187687433962202204072021021800009548
20002000176787433963202204272021042700001354
20010000187687433964202205072021110100028570
20001578654387433965202201172021080700013508
20001578654387433966202211012021110100014107
20002000176787433967202204072021100100015939
20011001888787433968202205072021050700009201
20001041988687433969202204072021011700015858
20011001888787433970202209302021110100010607
20001041988687433971202202182021070400023407
20001041988687433972202204072021021800006813
20002000176787433973202202182021021800017996
20010000187687433974202211012021093000003768
20002000176787433975202204272021093000000654
20002000176787433976202204272021040700005551
20002000176787433977202208072021050700001329
20010000187687433978202205072021080700015527
20011001888787433979202204072021110100008355
20011001888787433980202208072021050700025209
20001041988687433981202207042021093000016709
20011001888787433982202205072021080700023599
20001578654387433983202204272021110100031213
20002000176787433984202204072021080700027018
20011001888787433985202210012021080700024678
20002000176787433986202211012021110100031103
20001041988687433987202210012021050700014830
20011001888787433988202210012021011700016053
20002000176787433989202204072021042700030647
20011001888787433990202201172021100100005128
20010000187687433991202209302021050700000871
20001578654387433992202204072021080700012553
20010000187687433993202207042021050700023449
20002000176787433994202210012021042700011900
20001578654387433995202208072021050700000089
20011001888787433996202201172021011700023257
20001578654387433997202207042021021800012203
20001578654387433998202208072021070400024268
20011001888787433999202207042021100100029189
20010000187687434000202204072021050700012725
20001578654387434001202207042021040700030416
20011001888787434002202208072021040700024104
20011001888787434003202202182021080700016619
20002000176787434004202201172021100100005741
20002000176787434005202202182021021800009000
20001578654387434006202202182021110100006402
20010000187687434007202207042021080700003278
20001578654387434008202202182021070400025876
20002000176787434009202201172021040700009749
20001578654387434010202204072021093000016138
20001041988687434011202204072021093000015533
20002000176787434012202201172021021800001274
20002000176787434013202208072021100100000055
20011001888787434014202204272021042700021298
20001041988687434015202210012021040700003786
20001041988687434016202202182021040700030896
20011001888787434017202202182021110100020847
20001578654387434018202211012021042700015274
20001578654387434019202207042021042700010405
20011001888787434020202211012021042700028168
20001578654387434021202201172021040700026847
20010000187687434022202208072021011700020964
20001578654387434023202208072021100100009985
20002000176787434024202201172021021800019985
20002000176787434025202207042021042700021735
20001578654387434026202208072021021800029329
20010000187687434027202208072021080700011741
20001041988687434028202211012021050700019741
20011001888787434029202202182021100100029480
20011001888787434030202207042021070400003489
20001578654387434031202211012021021800030844
20001578654387434032202208072021110100031421
20010000187687434033202209302021080700000131
20002000176787434034202205072021011700013894
20011001888787434035202201172021011700026973
20002000176787434036202208072021050700020931
20002000176787434037202210012021080700010522
20011001888787434038202201172021070400013040
20001041988687434039202210012021070400006722
20002000176787434040202202182021080700018494
20010000187687434041202205072021021800006221
20001041988687434042202202182021110100003409
20011001888787434043202202182021011700027691
20011001888787434044202207042021011700024449
20001578654387434045202208072021070400002238
20001041988687434046202211012021110100008794
20002000176787434047202204272021021800005979
20010000187687434048202201172021080700013340
20001578654387434049202204272021042700021581
20011001888787434050202204072021100100012859
20011001888787434051202207042021100100015185
20001578654387434052202208072021100100003551
20002000176787434053202204272021110100001051
20011001888787434054202207042021080700028774
20001041988687434055202208072021080700028368
20011001888787434056202205072021011700028637
20001578654387434057202204072021021800024714
20001041988687434058202210012021011700005003
20001578654387434059202211012021042700020439
20001041988687434060202205072021070400010342
20010000187687434061202204072021070400000313
20001041988687434062202209302021021800026012
20001578654387434063202201172021040700005032
20002000176787434064202204072021040700024843
20010000187687434065202204072021070400023820
20001578654387434066202201172021110100021449
20001041988687434067202204272021050700005827
20002000176787434068202204072021100100011933
20001578654387434069202201172021042700023073
20002000176787434070202208072021021800032388
20002000176787434071202201172021040700027883
20001578654387434072202202182021021800008493
20011001888787434073202205072021080700024027
20010000187687434074202211012021080700018814
20010000187687434075202202182021011700028959
20011001888787434076202202182021070400021517
20001578654387434077202208072021021800023770
20001578654387434078202201172021080700027559
20010000187687434079202210012021110100021921
20010000187687434080202204272021042700032204
20001578654387434081202205072021042700027392
20002000176787434082202205072021050700032561
20001578654387434083202209302021042700013299
20002000176787434084202204272021093000000060
20011001888787434085202201172021070400019308
20002000176787434086202202182021110100004492
20001041988687434087202208072021021800007379
20011001888787434088202207042021070400030831
20001578654387434089202204072021042700000130
20002000176787434090202201172021042700013162
20011001888787434091202211012021040700010309
20001578654387434092202207042021050700020148
20011001888787434093202202182021011700023520
20001578654387434094202211012021110100002235
20011001888787434095202211012021100100001417
20010000187687434096202204072021011700018078
20001041988687434097202201172021070400003689
20001578654387434098202204072021093000022705
20001041988687434099202210012021050700002847
20001041988687434100202202182021011700003837
20002000176787434101202211012021050700014397
20002000176787434102202208072021042700007613
20001041988687434103202207042021042700018121
20001041988687434104202207042021050700020962
20002000176787434105202207042021093000030909
20001041988687434106202211012021110100005519
20002000176787434107202204072021050700003464
20001041988687434108202205072021050700017565
20002000176787434109202201172021050700032395
20010000187687434110202208072021093000020761
20010000187687434111202201172021021800002973
20010000187687434112202208072021011700014273
20011001888787434113202209302021110100006023
20010000187687434114202211012021042700017547
20001041988687434115202208072021080700021641
20001578654387434116202210012021050700010014
20011001888787434117202210012021080700016595
20011001888787434118202211012021110100022359
20011001888787434119202202182021070400029452
20002000176787434120202208072021042700018885
20011001888787434121202205072021110100014031
20002000176787434122202204072021050700029742
20010000187687434123202202182021011700031016
20001041988687434124202207042021021800008712
20001578654387434125202210012021110100001308
20011001888787434126202210012021021800006400
20001578654387434127202210012021011700004126
20002000176787434128202204272021011700003446
20011001888787434129202204072021021800005787
20010000187687434130202211012021042700026366
20001041988687434131202209302021042700002159
20011001888787434132202210012021042700021729
20001041988687434133202207042021080700017774
20011001888787434134202208072021050700012955
20010000187687434135202207042021042700027100
20011001888787434136202211012021080700015451
20001578654387434137202207042021110100027381
20002000176787434138202209302021110100004997
20001578654387434139202211012021080700000870
20002000176787434140202211012021070400004915
20011001888787434141202202182021080700028625
20002000176787434142202204272021040700029872
20010000187687434143202207042021042700031565
20010000187687434144202209302021110100017404
20001041988687434145202211012021080700023524
20001041988687434146202209302021100100009291
20002000176787434147202201172021011700024340
20001041988687434148202204272021100100025733
20011001888787434149202205072021011700026190
20010000187687434150202211012021040700025543
20010000187687434151202208072021110100013178
20011001888787434152202204072021050700017889
20001578654387434153202208072021100100001393
20010000187687434154202207042021110100030679
20001041988687434155202207042021093000001153
20002000176787434156202210012021042700001120
20011001888787434157202208072021100100032492
20001578654387434158202207042021070400014441
20001041988687434159202207042021040700030057
20001041988687434160202207042021110100006035
20002000176787434161202208072021070400030626
20002000176787434162202209302021011700008369
20010000187687434163202209302021070400020661
20001041988687434164202209302021040700025163
20011001888787434165202201172021040700000948
20010000187687434166202202182021050700024349
20010000187687434167202210012021093000006180
20002000176787434168202204272021011700017049
20001041988687434169202207042021011700013953
20010000187687434170202211012021100100025953
20011001888787434171202204072021093000005305
20002000176787434172202201172021093000008654
20001041988687434173202208072021070400012972
20002000176787434174202207042021110100030828
20011001888787434175202211012021042700026291
20002000176787434176202211012021100100001147
20001041988687434177202211012021011700014870
20001041988687434178202202182021042700016495
20002000176787434179202209302021100100005524
20010000187687434180202205072021110100006769
20011001888787434181202210012021110100015838
20010000187687434182202209302021042700022749
20001041988687434183202204272021110100008220
20011001888787434184202211012021080700020162
20002000176787434185202207042021021800028264
20010000187687434186202208072021080700024676
20002000176787434187202205072021110100003150
20001578654387434188202202182021050700022461
20010000187687434189202202182021110100019282
20011001888787434190202205072021110100002296
20002000176787434191202201172021021800030569
20001578654387434192202201172021070400018165
20001041988687434193202204272021110100013183
20002000176787434194202209302021100100010184
20011001888787434195202205072021093000009712
20010000187687434196202211012021080700006457
20010000187687434197202207042021080700029967
20011001888787434198202202182021093000017733
20001041988687434199202205072021070400005026
20010000187687434200202210012021080700018076
20011001888787434201202207042021021800023907
20011001888787434202202201172021080700011553
20011001888787434203202204072021042700000896
20010000187687434204202205072021042700021102
20001578654387434205202204272021110100018717
20001041988687434206202201172021100100032333
20010000187687434207202208072021080700004045
20001041988687434208202207042021042700023359
20010000187687434209202208072021040700013341
20002000176787434210202209302021040700015097
20001041988687434211202211012021080700014857
20001041988687434212202207042021100100010978
20001041988687434213202205072021100100018820
20001578654387434214202210012021093000022679
20002000176787434215202205072021093000031476
20010000187687434216202209302021050700018023
20010000187687434217202208072021050700029619
20001041988687434218202209302021100100020439
20010000187687434219202210012021080700021136
20001041988687434220202210012021093000032287
20001578654387434221202202182021080700027724
20001578654387434222202204272021042700011435
20001041988687434223202201172021011700022558
20002000176787434224202204272021042700032155
20010000187687434225202205072021070400019504
20002000176787434226202211012021011700007748
20001578654387434227202207042021050700018975
20001041988687434228202202182021042700023469
20001578654387434229202210012021021800007038
20002000176787434230202207042021080700001810
20010000187687434231202204072021050700007764
20001578654387434232202204272021040700010852
20002000176787434233202209302021021800024985
20001578654387434234202211012021110100003271
20001578654387434235202208072021050700004541
20001578654387434236202207042021011700001810
20011001888787434237202211012021093000013602
20011001888787434238202201172021011700010323
20001041988687434239202209302021040700014493
20002000176787434240202210012021050700010825
20001041988687434241202210012021070400019448
20002000176787434242202210012021050700013800
20001041988687434243202204272021110100003699
20002000176787434244202202182021070400030680
20010000187687434245202208072021021800002878
20010000187687434246202210012021011700001270
20002000176787434247202204072021050700001537
20001041988687434248202208072021093000003794
20001578654387434249202204072021100100005972
20011001888787434250202202182021050700026671
20011001888787434251202204072021040700006472
20001578654387434252202209302021070400022918
20001578654387434253202204072021110100025564
20010000187687434254202201172021042700017796
20002000176787434255202210012021100100022920
20010000187687434256202201172021040700007559
20011001888787434257202207042021110100017334
20002000176787434258202211012021093000009765
20001041988687434259202204072021040700032580
20010000187687434260202205072021050700002981
20011001888787434261202210012021021800030979
20010000187687434262202211012021110100018052
20001041988687434263202204072021093000031291
20001041988687434264202205072021011700020465
20001041988687434265202207042021093000017701
20001041988687434266202210012021021800009809
20011001888787434267202211012021042700000367
20010000187687434268202211012021042700008636
20002000176787434269202207042021050700030908
20010000187687434270202202182021040700006270
20010000187687434271202201172021050700008993
20001578654387434272202204072021070400021399
20011001888787434273202207042021080700000937
20001041988687434274202201172021100100021307
20011001888787434275202204272021093000021714
20010000187687434276202202182021040700025427
20001041988687434277202202182021110100001294
20001041988687434278202201172021042700032762
20010000187687434279202204272021042700000834
20001041988687434280202202182021042700002561
20002000176787434281202211012021050700023370
20001041988687434282202207042021080700019308
20002000176787434283202207042021042700008820
20001041988687434284202209302021110100019443
20010000187687434285202204072021042700013313
20001041988687434286202207042021021800030081
20001578654387434287202209302021110100015783
20001578654387434288202209302021011700002232
20002000176787434289202210012021021800007185
20002000176787434290202204072021021800024939
20001041988687434291202202182021050700001885
20010000187687434292202204272021050700002850
20001041988687434293202211012021021800003997
20011001888787434294202201172021080700009626
20010000187687434295202205072021042700026967
20011001888787434296202204072021021800006467
20002000176787434297202210012021080700002565
20001578654387434298202209302021011700007104
20002000176787434299202205072021050700005270
20002000176787434300202208072021021800001131
20001041988687434301202202182021021800005611
20011001888787434302202204272021070400028878
20010000187687434303202208072021110100004442
20001578654387434304202209302021042700014634
20002000176787434305202202182021100100023855
20001041988687434306202201172021110100013556
20010000187687434307202204272021070400020262
20011001888787434308202207042021021800020307
20002000176787434309202208072021050700014578
20001041988687434310202207042021080700027556
20011001888787434311202204072021080700013497
20002000176787434312202211012021042700006646
20001041988687434313202205072021100100016789
20001578654387434314202207042021040700007054
20002000176787434315202205072021050700012309
20011001888787434316202210012021093000014180
20001578654387434317202208072021110100024250
20002000176787434318202201172021021800024228
20011001888787434319202204272021040700018043
20001041988687434320202207042021100100008494
20002000176787434321202204072021050700022337
20002000176787434322202211012021093000029206
20002000176787434323202211012021110100009324
20001578654387434324202209302021110100015397
20001578654387434325202211012021110100024908
20011001888787434326202208072021110100018006
20002000176787434327202207042021080700011688
20002000176787434328202208072021021800026714
20001041988687434329202208072021110100012859
20011001888787434330202209302021070400003861
20002000176787434331202207042021110100003378
20002000176787434332202204272021042700004382
20001041988687434333202205072021070400003759
20011001888787434334202201172021093000021315
20011001888787434335202204072021011700017737
20001041988687434336202209302021070400015619
20011001888787434337202209302021040700023177
20001578654387434338202204072021042700032018
20010000187687434339202208072021042700016239
20001578654387434340202211012021042700007640
20010000187687434341202211012021100100010475
20001578654387434342202207042021021800027122
20002000176787434343202204072021040700023653
20011001888787434344202210012021093000008368
20002000176787434345202202182021070400019509
20001578654387434346202207042021050700031381
20001041988687434347202209302021100100001067
20001578654387434348202207042021050700032218
20010000187687434349202201172021040700026121
20010000187687434350202211012021040700008939
20002000176787434351202210012021100100013828
20002000176787434352202208072021040700018665
20011001888787434353202209302021021800030535
20001578654387434354202201172021110100031270
20001041988687434355202205072021110100006255
20001041988687434356202201172021110100000172
20010000187687434357202209302021080700028688
20001041988687434358202201172021021800019127
20001041988687434359202201172021110100002350
20010000187687434360202204072021011700007990
20002000176787434361202204272021021800016325
20002000176787434362202208072021093000008782
20002000176787434363202210012021070400011586
20002000176787434364202209302021042700010711
20010000187687434365202202182021080700025864
20011001888787434366202208072021100100025053
20002000176787434367202204072021021800000236
20002000176787434368202211012021110100016672
20001578654387434369202209302021042700032185
20011001888787434370202209302021093000019860
20001041988687434371202210012021042700026541
20010000187687434372202211012021100100012514
20001041988687434373202209302021080700022266
20011001888787434374202204272021110100007397
20010000187687434375202207042021021800015429
20011001888787434376202201172021040700000046
20001041988687434377202205072021100100032042
20001041988687434378202208072021070400002689
20011001888787434379202207042021042700024759
20001578654387434380202210012021110100000341
20001041988687434381202204072021021800019437
20001041988687434382202205072021021800025688
20001041988687434383202202182021080700020034
20011001888787434384202207042021070400025065
20001041988687434385202207042021100100032289
20001041988687434386202205072021011700007068
20010000187687434387202202182021011700009576
20001041988687434388202207042021093000015033
20010000187687434389202205072021080700015849
20001041988687434390202210012021011700021693
20001578654387434391202201172021021800015850
20001041988687434392202205072021110100008151
20002000176787434393202205072021021800013477
20002000176787434394202208072021100100030573
20001578654387434395202204072021070400014024
20001041988687434396202208072021110100012437
20011001888787434397202210012021050700006902
20001578654387434398202204272021110100016028
20001578654387434399202208072021093000001605
20010000187687434400202204072021040700010114
20010000187687434401202204072021080700018622
20011001888787434402202211012021040700018556
20002000176787434403202211012021070400002528
20001578654387434404202207042021040700027249
20011001888787434405202204272021080700017693
20010000187687434406202204072021093000009854
20001041988687434407202204072021093000005723
20002000176787434408202211012021080700006770
20001041988687434409202208072021021800022132
20010000187687434410202209302021040700027986
20010000187687434411202211012021070400001975
20001041988687434412202211012021042700009173
20011001888787434413202207042021021800004709
20011001888787434414202207042021040700017641
20010000187687434415202211012021021800020789
20011001888787434416202211012021093000020013
20010000187687434417202201172021110100028112
20011001888787434418202202182021040700030838
20010000187687434419202209302021093000003413
20010000187687434420202207042021042700019530
20010000187687434421202204072021093000019671
20010000187687434422202207042021042700001640
20001041988687434423202204272021080700003546
20002000176787434424202209302021011700019517
20001578654387434425202211012021040700004825
20002000176787434426202210012021040700012400
20011001888787434427202201172021110100027587
20002000176787434428202207042021042700001879
20011001888787434429202210012021070400012921
20011001888787434430202204272021042700002944
20011001888787434431202208072021042700005970
20001041988687434432202204272021070400021034
20010000187687434433202204272021070400015768
20011001888787434434202211012021050700004041
20010000187687434435202208072021011700026632
20002000176787434436202204272021011700011397
20001041988687434437202207042021021800030037
20001578654387434438202208072021040700010427
20001578654387434439202204072021040700011430
20010000187687434440202211012021050700020858
20010000187687434441202202182021021800023059
20011001888787434442202211012021070400017672
20002000176787434443202209302021093000015148
20010000187687434444202211012021011700018267
20001041988687434445202205072021110100015219
20002000176787434446202201172021040700026272
20010000187687434447202204072021021800000221
20001041988687434448202202182021093000028599
20010000187687434449202211012021050700018516
20011001888787434450202204072021070400012981
20001578654387434451202209302021021800004664
20011001888787434452202205072021050700005985
20011001888787434453202204072021050700007897
20001041988687434454202204272021050700000439
20010000187687434455202204272021110100015103
20001041988687434456202210012021093000001640
20011001888787434457202211012021080700023651
20001041988687434458202204272021040700028504
20002000176787434459202204272021070400003635
20002000176787434460202207042021070400004127
20001041988687434461202210012021040700011665
20010000187687434462202208072021100100027273
20001578654387434463202201172021093000030229
20002000176787434464202204072021042700008982
20011001888787434465202209302021080700024134
20011001888787434466202204272021080700017786
20011001888787434467202204072021042700017445
20002000176787434468202204072021093000022814
20011001888787434469202207042021042700027043
20002000176787434470202207042021050700017821
20001041988687434471202202182021050700016677
20002000176787434472202205072021040700001864
20001041988687434473202207042021040700002567
20001041988687434474202202182021021800013218
20001578654387434475202205072021011700015639
20002000176787434476202202182021100100019941
20010000187687434477202207042021021800018709
20010000187687434478202202182021070400027515
20001041988687434479202204272021050700007994
20010000187687434480202207042021070400010374
20010000187687434481202208072021050700004014
20011001888787434482202208072021021800027737
20011001888787434483202204072021042700030223
20002000176787434484202210012021011700032252
20001578654387434485202208072021110100013809
20010000187687434486202210012021050700026796
20001041988687434487202210012021100100001881
20001578654387434488202210012021093000012377
20002000176787434489202207042021100100004929
20010000187687434490202210012021050700022054
20001578654387434491202208072021042700024600
20002000176787434492202202182021110100011500
20010000187687434493202201172021093000003647
20001041988687434494202210012021011700032183
20001041988687434495202205072021042700025740
20010000187687434496202208072021042700031815
20001041988687434497202201172021011700011466
20001041988687434498202207042021042700002961
20011001888787434499202202182021050700024631
20011001888787434500202204072021080700021052
20002000176787434501202207042021100100009221
20011001888787434502202210012021100100007972
20010000187687434503202201172021080700005594
20001041988687434504202209302021070400007642
20001041988687434505202204272021040700026704
20011001888787434506202208072021021800023330
20011001888787434507202211012021042700020342
20010000187687434508202207042021042700006516
20010000187687434509202210012021110100015693
20001041988687434510202201172021070400030076
20011001888787434511202208072021093000028236
20010000187687434512202210012021070400023194
20011001888787434513202204272021093000017884
20002000176787434514202201172021042700018274
20001578654387434515202201172021070400031452
20010000187687434516202204072021110100025117
20001041988687434517202208072021080700005150
20002000176787434518202207042021040700023878
20001578654387434519202209302021093000013544
20010000187687434520202201172021050700011278
20001041988687434521202202182021070400014709
20002000176787434522202211012021080700001752
20010000187687434523202211012021100100009073
20011001888787434524202211012021050700016318
20002000176787434525202209302021093000022145
20002000176787434526202204272021070400026378
20010000187687434527202204072021050700009400
20001578654387434528202205072021070400016318
20010000187687434529202207042021021800011043
20011001888787434530202204272021040700001037
20010000187687434531202205072021050700032318
20001041988687434532202208072021100100031199
20001578654387434533202202182021070400009852
20011001888787434534202201172021070400022353
20010000187687434535202211012021021800027844
20001578654387434536202202182021093000030514
20011001888787434537202211012021093000030446
20011001888787434538202210012021110100023943
20011001888787434539202204072021100100013386
20002000176787434540202208072021050700003080
20011001888787434541202201172021110100006682
20010000187687434542202204072021021800009889
20001041988687434543202204272021110100012306
20010000187687434544202207042021093000026611
20011001888787434545202205072021080700027871
20011001888787434546202208072021040700026064
20001578654387434547202207042021070400025246
20001578654387434548202204272021110100009666
20001041988687434549202208072021040700015200
20001041988687434550202201172021100100000389
20001041988687434551202202182021093000001453
20002000176787434552202209302021042700023432
20001041988687434553202209302021040700020733
20011001888787434554202204272021021800009072
20002000176787434555202209302021070400006720
20002000176787434556202205072021042700010900
20002000176787434557202205072021070400002136
20001041988687434558202207042021042700018562
20010000187687434559202204272021040700030874
20001041988687434560202211012021070400020345
20011001888787434561202204272021070400023377
20001578654387434562202204072021100100020717
20001578654387434563202201172021100100024634
20002000176787434564202207042021110100012807
20001041988687434565202204272021050700029449
20001041988687434566202204072021080700004130
20001041988687434567202205072021040700002018
20011001888787434568202211012021070400030031
20001041988687434569202205072021040700014305
20001041988687434570202205072021050700023761
20011001888787434571202201172021070400011668
20011001888787434572202207042021042700001954
20001578654387434573202204272021070400024955
20002000176787434574202205072021040700008428
20001578654387434575202205072021042700009870
20010000187687434576202208072021011700012945
20011001888787434577202201172021100100001719
20010000187687434578202208072021110100027043
20001578654387434579202202182021050700028500
20001578654387434580202208072021070400010989
20002000176787434581202209302021040700011703
20010000187687434582202208072021042700030568
20001578654387434583202204072021011700015270
20001041988687434584202209302021100100008391
20011001888787434585202208072021040700023515
20001041988687434586202202182021093000019948
20001041988687434587202207042021011700001668
20001041988687434588202210012021080700020336
20010000187687434589202204072021042700009668
20001578654387434590202205072021093000017439
20011001888787434591202205072021050700008752
20002000176787434592202204272021093000003449
20010000187687434593202205072021080700016211
20011001888787434594202201172021050700005171
20011001888787434595202205072021093000018475
20010000187687434596202210012021110100023732
20001041988687434597202201172021011700002986
20010000187687434598202210012021070400027544
20002000176787434599202207042021042700010550
20001578654387434600202205072021050700031280
20001041988687434601202208072021100100011561
20001041988687434602202201172021042700031488
20001578654387434603202205072021021800032082
20001578654387434604202208072021070400028224
20001578654387434605202202182021021800005490
20010000187687434606202204272021042700001627
20002000176787434607202205072021080700005055
20002000176787434608202210012021110100007283
20001578654387434609202208072021011700005477
20002000176787434610202207042021080700029916
20001041988687434611202207042021050700025344
20001041988687434612202201172021110100021404
20001041988687434613202204072021080700027939
20011001888787434614202204272021110100024817
20010000187687434615202201172021021800006356
20001041988687434616202210012021110100024011
20010000187687434617202210012021042700023565
20001041988687434618202204272021042700010317
20010000187687434619202210012021110100010813
20002000176787434620202211012021040700004177
20011001888787434621202209302021050700012485
20001578654387434622202205072021011700031713
20001041988687434623202208072021040700025468
20001041988687434624202202182021021800023487
20001578654387434625202210012021011700022827
20011001888787434626202207042021042700028637
20001041988687434627202205072021021800030737
20010000187687434628202207042021042700023526
20011001888787434629202204272021110100029281
20002000176787434630202211012021110100002995
20001578654387434631202201172021021800004799
20001041988687434632202207042021100100026583
20001041988687434633202210012021021800022726
20011001888787434634202211012021080700023060
20002000176787434635202202182021093000025989
20002000176787434636202205072021011700008675
20001578654387434637202205072021042700014333
20001041988687434638202209302021040700030960
20001578654387434639202210012021093000014757
20001578654387434640202205072021042700001947
20001578654387434641202210012021050700006887
20001578654387434642202207042021042700010617
20002000176787434643202211012021021800032672
20011001888787434644202207042021050700000465
20001041988687434645202202182021070400031652
20011001888787434646202205072021100100024607
20011001888787434647202201172021042700024375
20010000187687434648202205072021021800029844
20001578654387434649202208072021100100021397
20002000176787434650202204072021040700021652
20011001888787434651202204272021011700018283
20011001888787434652202201172021100100020278
20011001888787434653202204072021011700011099
20002000176787434654202204072021042700004552
20002000176787434655202210012021080700032380
20002000176787434656202202182021080700007241
20011001888787434657202210012021021800010968
20002000176787434658202201172021093000001517
20002000176787434659202202182021080700012780
20001041988687434660202205072021021800004509
20010000187687434661202210012021100100010540
20002000176787434662202211012021100100004724
20002000176787434663202201172021050700001660
20001578654387434664202201172021040700008258
20001041988687434665202208072021093000015544
20002000176787434666202211012021011700007181
20011001888787434667202202182021050700010285
20002000176787434668202204072021093000001163
20011001888787434669202207042021021800019230
20001041988687434670202204072021040700006825
20011001888787434671202210012021050700023104
20001578654387434672202205072021050700022024
20001578654387434673202210012021080700006462
20010000187687434674202208072021080700010619
20010000187687434675202205072021040700001846
20001041988687434676202202182021093000006026
20001041988687434677202201172021050700023353
20001041988687434678202202182021042700005874
20010000187687434679202201172021040700020687
20010000187687434680202205072021042700018210
20001578654387434681202204072021011700017521
20010000187687434682202204072021100100029887
20002000176787434683202208072021011700008205
20002000176787434684202202182021040700028193
20010000187687434685202207042021070400006022
20010000187687434686202211012021110100010196
20010000187687434687202201172021042700013618
20001578654387434688202209302021042700012568
20001578654387434689202205072021110100013914
20001041988687434690202201172021110100030818
20001578654387434691202211012021042700014268
20001578654387434692202211012021100100024537
20002000176787434693202211012021110100012812
20001041988687434694202205072021042700008665
20002000176787434695202209302021050700018031
20002000176787434696202208072021021800001395
20001041988687434697202207042021100100023295
20010000187687434698202209302021011700025323
20011001888787434699202209302021110100001867
20010000187687434700202208072021021800030776
20001041988687434701202201172021093000020692
20001578654387434702202208072021021800003464
20002000176787434703202204072021050700014224
20010000187687434704202204272021080700027066
20010000187687434705202208072021070400004714
20011001888787434706202201172021080700005858
20011001888787434707202201172021110100015296
20001578654387434708202201172021021800030408
20001041988687434709202208072021080700003556
20010000187687434710202202182021011700010089
20002000176787434711202205072021042700012188
20001578654387434712202202182021042700014197
20002000176787434713202209302021040700012451
20001578654387434714202201172021100100010959
20001578654387434715202205072021093000030245
20011001888787434716202204272021080700020241
20011001888787434717202207042021110100030534
20001578654387434718202208072021050700024581
20001041988687434719202204272021011700018844
20011001888787434720202209302021080700031789
20001041988687434721202207042021011700032176
20002000176787434722202208072021021800026939
20001041988687434723202202182021093000019329
20001041988687434724202210012021021800010394
20002000176787434725202208072021070400003842
20002000176787434726202211012021080700023523
20011001888787434727202210012021011700005271
20002000176787434728202204272021040700031080
20010000187687434729202202182021050700013723
20001578654387434730202205072021080700020654
20001578654387434731202205072021042700017629
20001578654387434732202207042021040700024299
20011001888787434733202210012021021800019230
20001041988687434734202202182021040700029580
20001041988687434735202210012021021800005013
20002000176787434736202205072021110100009393
20011001888787434737202201172021080700002156
20010000187687434738202204072021050700005038
20001578654387434739202208072021021800024384
20011001888787434740202201172021042700000396
20001041988687434741202204272021093000005540
20011001888787434742202208072021011700013190
20011001888787434743202204272021050700015775
20001041988687434744202210012021011700010125
20010000187687434745202207042021021800006697
20010000187687434746202207042021070400006341
20001578654387434747202210012021050700002994
20011001888787434748202209302021080700021510
20001041988687434749202207042021093000019611
20010000187687434750202205072021093000023643
20010000187687434751202202182021040700032187
20011001888787434752202211012021040700024454
20002000176787434753202207042021093000000732
20002000176787434754202205072021011700031354
20002000176787434755202207042021021800012092
20001041988687434756202210012021093000019935
20001578654387434757202210012021011700016908
20010000187687434758202201172021093000025234
20010000187687434759202208072021050700013044
20001578654387434760202207042021042700024099
20002000176787434761202201172021050700020108
20002000176787434762202204272021080700001877
20010000187687434763202207042021100100008932
20011001888787434764202207042021100100006818
20002000176787434765202207042021011700015358
20011001888787434766202205072021070400028340
20002000176787434767202211012021021800012367
20010000187687434768202202182021011700026860
20002000176787434769202201172021042700032066
20011001888787434770202204072021050700016863
20001041988687434771202205072021011700013236
20011001888787434772202204072021070400006612
20002000176787434773202204272021050700029817
20011001888787434774202204072021040700023880
20001578654387434775202204272021080700015574
20001041988687434776202211012021093000031082
20002000176787434777202204072021070400000773
20011001888787434778202210012021021800024735
20001041988687434779202210012021050700008884
20010000187687434780202205072021080700024319
20002000176787434781202205072021100100006534
20011001888787434782202204272021070400016086
20001041988687434783202210012021050700005008
20010000187687434784202201172021050700015652
20002000176787434785202209302021050700018397
20010000187687434786202210012021080700019998
20001578654387434787202208072021110100009451
20010000187687434788202209302021093000012714
20010000187687434789202205072021011700019755
20001041988687434790202209302021021800022503
20002000176787434791202209302021110100025477
20010000187687434792202209302021080700005539
20001578654387434793202207042021042700010194
20001041988687434794202202182021100100010466
20011001888787434795202204072021080700025441
20011001888787434796202202182021011700003422
20010000187687434797202211012021021800009586
20002000176787434798202202182021021800008450
20001578654387434799202204272021011700020414
20002000176787434800202204072021040700006253
20002000176787434801202205072021093000029421
20001041988687434802202211012021093000017269
20001578654387434803202202182021093000031518
20002000176787434804202204272021070400008610
20002000176787434805202205072021021800011363
20010000187687434806202205072021080700018095
20001041988687434807202209302021080700028482
20001578654387434808202201172021011700003852
20001041988687434809202208072021070400027957
20002000176787434810202205072021110100009311
20001041988687434811202205072021100100032043
20010000187687434812202209302021011700020990
20010000187687434813202204272021093000024581
20011001888787434814202211012021040700010614
20001041988687434815202205072021110100019737
20002000176787434816202204272021042700030472
20001578654387434817202205072021050700020147
20002000176787434818202201172021070400001574
20002000176787434819202205072021042700028303
20011001888787434820202209302021093000013818
20011001888787434821202201172021080700012896
20010000187687434822202207042021100100024032
20001041988687434823202202182021042700026700
20001578654387434824202209302021011700000487
20010000187687434825202205072021050700017261
20001578654387434826202204272021110100022356
20011001888787434827202201172021042700018514
20010000187687434828202204272021042700006431
20010000187687434829202205072021100100002428
20011001888787434830202205072021110100011380
20010000187687434831202211012021011700013282
20002000176787434832202205072021021800005427
20002000176787434833202205072021110100027501
20001578654387434834202207042021080700014960
20011001888787434835202209302021042700030589
20002000176787434836202207042021050700031476
20001578654387434837202209302021070400016226
20001578654387434838202209302021070400004538
20001041988687434839202208072021093000005859
20010000187687434840202211012021100100019059
20011001888787434841202204272021100100023227
20011001888787434842202208072021042700001539
20001578654387434843202205072021070400023830
20001578654387434844202210012021050700003842
20011001888787434845202209302021011700008729
20001578654387434846202201172021100100015931
20011001888787434847202208072021100100027736
20011001888787434848202204072021050700028464
20002000176787434849202204072021040700006493
20010000187687434850202202182021070400017556
20002000176787434851202202182021021800020008
20010000187687434852202201172021050700015567
20002000176787434853202201172021080700029609
20002000176787434854202201172021042700005758
20001578654387434855202201172021093000000840
20010000187687434856202207042021042700001265
20001578654387434857202205072021042700009053
20010000187687434858202204072021080700013483
20010000187687434859202209302021080700005048
20011001888787434860202209302021042700008165
20011001888787434861202205072021021800027163
20001041988687434862202204272021110100013068
20001578654387434863202204272021042700007867
20011001888787434864202211012021050700016702
20002000176787434865202208072021042700026818
20001578654387434866202205072021040700018641
20011001888787434867202202182021042700027344
20011001888787434868202202182021093000001996
20001578654387434869202201172021070400012150
20002000176787434870202211012021042700024683
20001578654387434871202202182021070400030137
20001578654387434872202205072021110100003487
20011001888787434873202209302021100100019861
20001578654387434874202210012021050700010124
20001578654387434875202201172021100100001143
20011001888787434876202211012021050700030730
20001578654387434877202208072021110100025026
20010000187687434878202205072021011700007973
20001578654387434879202208072021050700013131
20011001888787434880202205072021050700001949
20001578654387434881202207042021110100010717
20001041988687434882202209302021100100011111
20001041988687434883202201172021050700001462
20010000187687434884202205072021021800010281
20011001888787434885202201172021021800004871
20002000176787434886202204072021110100009154
20001578654387434887202207042021040700030328
20002000176787434888202204272021093000000191
20001041988687434889202204072021110100018850
20010000187687434890202208072021021800025319
20011001888787434891202204272021070400001940
20001578654387434892202211012021093000000945
20001041988687434893202209302021093000018766
20002000176787434894202210012021042700022216
20001578654387434895202209302021042700021065
20001041988687434896202205072021100100032398
20001041988687434897202201172021021800027885
20002000176787434898202205072021093000004246
20002000176787434899202207042021080700005913
20010000187687434900202205072021040700010792
20001041988687434901202210012021110100032414
20010000187687434902202205072021050700021697
20001041988687434903202202182021080700019908
20011001888787434904202204272021093000014993
20010000187687434905202210012021110100018373
20010000187687434906202210012021050700011003
20001578654387434907202209302021042700013645
20010000187687434908202211012021093000028440
20011001888787434909202208072021110100008448
20001578654387434910202202182021110100028212
20011001888787434911202207042021080700025587
20001578654387434912202208072021093000008784
20001578654387434913202210012021050700000562
20011001888787434914202204272021011700023710
20001578654387434915202207042021040700022329
20011001888787434916202210012021080700023048
20001578654387434917202211012021070400004731
20010000187687434918202204272021011700010154
20002000176787434919202209302021093000000990
20002000176787434920202210012021110100022355
20010000187687434921202208072021021800014396
20001041988687434922202210012021040700001032
20001578654387434923202204272021110100026084
20001578654387434924202205072021050700009857
20001041988687434925202201172021070400010519
20010000187687434926202202182021070400014762
20010000187687434927202204072021011700004236
20001041988687434928202201172021040700012067
20011001888787434929202201172021070400031212
20002000176787434930202202182021110100013248
20010000187687434931202205072021040700015958
20001041988687434932202205072021100100017418
20001578654387434933202211012021100100011996
20001578654387434934202204272021040700004284
20002000176787434935202208072021070400024837
20011001888787434936202204072021042700013127
20001578654387434937202207042021042700019273
20011001888787434938202210012021070400012878
20001578654387434939202201172021100100012696
20001041988687434940202208072021050700022059
20001041988687434941202205072021011700025043
20002000176787434942202202182021040700019816
20002000176787434943202204272021093000016465
20001041988687434944202210012021050700008519
20001041988687434945202208072021011700009307
20002000176787434946202211012021093000031291
20001578654387434947202204072021100100001201
20001041988687434948202208072021042700013420
20002000176787434949202209302021050700029699
20001041988687434950202210012021040700017463
20010000187687434951202207042021080700028025
20011001888787434952202209302021110100027308
20002000176787434953202204272021070400028971
20010000187687434954202207042021021800014862
20011001888787434955202209302021080700028841
20001041988687434956202210012021021800027222
